10425 10425 10432 2006m0701 20060701
10426 10426 10432 2006m0701 20060701
10427 10427 10432 2006m0701 20060701
10428 10428 10432 2006m0701 20060701
10429 10429 10432 2006m0701 20060701
10430 10430 10432 2006m0701 20060701
10431 10431 10432 2006m0702 20060701
10432 10432 10432 2006m0702 20060701
10433 10433 10432 2006m0702 20060701
10434 10434 10432 2006m0702 20060701
10435 10435 10432 2006m0702 20060701
10436 10436 10432 2006m0702 20060701
10437 10437 10432 2006m0702 20060701
10438 10438 10432 2006m0702 20060702
10439 10439 10432 2006m0702 20060702
10440 10440 10447 2006m0702 20060702
10441 10441 10447 2006m0702 20060702
10442 10442 10447 2006m0702 20060702
10443 10443 10447 2006m0702 20060702
10444 10444 10447 2006m0702 20060702
10445 10445 10447 2006m0703 20060702
10446 10446 10447 2006m0703 20060702
10447 10447 10447 2006m0703 20060702
10448 10448 10447 2006m0703 20060702
10449 10449 10447 2006m0703 20060702
10450 10450 10447 2006m0703 20060702
10451 10451 10447 2006m0703 20060702
10452 10452 10447 2006m0703 20060703
10453 10453 10447 2006m0703 20060703
10454 10454 10447 2006m0703 20060703
10455 10455 10462 2006m0703 20060703
10456 10456 10462 2006m0703 20060703
10457 10457 10462 2006m0703 20060703
10458 10458 10462 2006m0703 20060703
10459 10459 10462 2006m0703 20060703
10460 10460 10462 2006m0704 20060703
10461 10461 10462 2006m0704 20060703
10462 10462 10462 2006m0704 20060703
10463 10463 10462 2006m0704 20060703
10464 10464 10462 2006m0704 20060703
10465 10465 10462 2006m0704 20060703
10466 10466 10462 2006m0704 20060703
10467 10467 10462 2006m0704 20060704
10468 10468 10462 2006m0704 20060704
10469 10469 10462 2006m0704 20060704
10470 10470 10478 2006m0704 20060704
10471 10471 10478 2006m0704 20060704
10472 10472 10478 2006m0704 20060704
10473 10473 10478 2006m0704 20060704
10474 10474 10478 2006m0705 20060704
10475 10475 10478 2006m0705 20060704
10476 10476 10478 2006m0705 20060704
10477 10477 10478 2006m0705 20060704
10478 10478 10478 2006m0705 20060704
10479 10479 10478 2006m0705 20060704
10480 10480 10478 2006m0705 20060704
10485 10485 10478 2006m0705 20060705
10486 10486 10478 2006m0705 20060705
10487 10487 10495 2006m0705 20060705
10488 10488 10495 2006m0705 20060705
10489 10489 10495 2006m0706 20060705
10490 10490 10495 2006m0706 20060705
10491 10491 10495 2006m0706 20060705
10492 10492 10495 2006m0706 20060705
10493 10493 10495 2006m0706 20060705
10494 10494 10495 2006m0706 20060705
10495 10495 10495 2006m0706 20060705
10496 10496 10495 2006m0706 20060706
10497 10497 10495 2006m0706 20060706
10498 10498 10495 2006m0706 20060706
10499 10499 10495 2006m0706 20060706
10500 10500 10495 2006m0706 20060706
10501 10501 10495 2006m0706 20060706
10502 10502 10495 2006m0706 20060706
10503 10503 10510 2006m0707 20060706
10504 10504 10510 2006m0707 20060706
10505 10505 10510 2006m0707 20060706
10506 10506 10510 2006m0707 20060706
10507 10507 10510 2006m0707 20060706
10508 10508 10510 2006m0707 20060706
10509 10509 10510 2006m0707 20060706
10510 10510 10510 2006m0707 20060706
10511 10511 10510 2006m0707 20060707
10512 10512 10510 2006m0707 20060707
10513 10513 10510 2006m0707 20060707
10514 10514 10510 2006m0707 20060707
10515 10515 10510 2006m0707 20060707
10516 10516 10510 2006m0707 20060707
10517 10517 10510 2006m0707 20060707
10518 10518 10525 2006m0708 20060707
10519 10519 10525 2006m0708 20060707
10520 10520 10525 2006m0708 20060707
10521 10521 10525 2006m0708 20060707
10522 10522 10525 2006m0708 20060707
10523 10523 10525 2006m0708 20060707
10524 10524 10525 2006m0708 20060707
10525 10525 10525 2006m0708 20060708
10526 10526 10525 2006m0708 20060708
10527 10527 10525 2006m0708 20060708
10528 10528 10525 2006m0708 20060708
10529 10529 10525 2006m0708 20060708
10530 10530 10525 2006m0708 20060708
10531 10531 10525 2006m0708 20060708
10532 10532 10525 2006m0709 20060708
10533 10533 10540 2006m0709 20060708
10534 10534 10540 2006m0709 20060708
10535 10535 10540 2006m0709 20060708
10536 10536 10540 2006m0709 20060708
10537 10537 10540 2006m0709 20060708
10538 10538 10540 2006m0709 20060708
10539 10539 10540 2006m0709 20060708
10540 10540 10540 2006m0709 20060709
10541 10541 10540 2006m0709 20060709
10542 10542 10540 2006m0709 20060709
10543 10543 10540 2006m0709 20060709
10544 10544 10540 2006m0709 20060709
10545 10545 10540 2006m0709 20060709
10546 10546 10540 2006m0709 20060709
10547 10547 10540 2006m0710 20060709
10548 10548 10555 2006m0710 20060709
10549 10549 10555 2006m0710 20060709
10550 10550 10555 2006m0710 20060709
10551 10551 10555 2006m0710 20060709
10552 10552 10555 2006m0710 20060709
10553 10553 10555 2006m0710 20060709
10554 10554 10555 2006m0710 20060710
10555 10555 10555 2006m0710 20060710
10556 10556 10555 2006m0710 20060710
10557 10557 10555 2006m0710 20060710
10558 10558 10555 2006m0710 20060710
10559 10559 10555 2006m0710 20060710
10560 10560 10555 2006m0710 20060710
10561 10561 10555 2006m0710 20060710
10562 10562 10555 2006m0711 20060710
10563 10563 10570 2006m0711 20060710
10564 10564 10570 2006m0711 20060710
10565 10565 10570 2006m0711 20060710
10566 10566 10570 2006m0711 20060710
10567 10567 10570 2006m0711 20060710
10568 10568 10570 2006m0711 20060710
10569 10569 10570 2006m0711 20060711
10570 10570 10570 2006m0711 20060711
10571 10571 10570 2006m0711 20060711
10572 10572 10570 2006m0711 20060711
10573 10573 10570 2006m0711 20060711
10574 10574 10570 2006m0711 20060711
10575 10575 10570 2006m0711 20060711
10576 10576 10570 2006m0712 20060711
10577 10577 10570 2006m0712 20060711
10578 10578 10586 2006m0712 20060711
10579 10579 10586 2006m0712 20060711
10580 10580 10586 2006m0712 20060711
10581 10581 10586 2006m0712 20060711
10582 10582 10586 2006m0712 20060711
10583 10583 10586 2006m0712 20060712
10584 10584 10586 2006m0712 20060712
10585 10585 10586 2006m0712 20060712
10586 10586 10586 2006m0712 20060712
10587 10587 10586 2006m0712 20060712
10588 10588 10586 2006m0712 20060712
10589 10589 10586 2006m0712 20060712
10590 10590 10586 2006m0712 20060712
10591 10591 10586 2006m0713 20060712
10592 10592 10586 2006m0713 20060712
10593 10593 10586 2006m0713 20060712
10594 10594 10586 2006m0713 20060712
10595 10595 10603 2006m0713 20060712
10596 10596 10603 2006m0713 20060712
10597 10597 10603 2006m0713 20060712
10598 10598 10603 2006m0713 20060713
10599 10599 10603 2006m0713 20060713
10600 10600 10603 2006m0713 20060713
10601 10601 10603 2006m0713 20060713
10602 10602 10603 2006m0713 20060713
10603 10603 10603 2006m0713 20060713
10604 10604 10603 2006m0713 20060713
10605 10605 10603 2006m0714 20060713
10606 10606 10603 2006m0714 20060713
10607 10607 10603 2006m0714 20060713
10608 10608 10603 2006m0714 20060713
10609 10609 10603 2006m0714 20060713
10610 10610 10603 2006m0714 20060713
10611 10611 10618 2006m0714 20060713
10612 10612 10618 2006m0714 20060713
10613 10613 10618 2006m0714 20060714
10614 10614 10618 2006m0714 20060714
10615 10615 10618 2006m0714 20060714
10616 10616 10618 2006m0714 20060714
10617 10617 10618 2006m0714 20060714
10618 10618 10618 2006m0714 20060714
10619 10619 10618 2006m0714 20060714
10620 10620 10618 2006m0715 20060714
10621 10621 10618 2006m0715 20060714
10622 10622 10618 2006m0715 20060714
10623 10623 10618 2006m0715 20060714
10624 10624 10618 2006m0715 20060714
10625 10625 10618 2006m0715 20060714
10626 10626 10633 2006m0715 20060714
10627 10627 10633 2006m0715 20060715
10628 10628 10633 2006m0715 20060715
10629 10629 10633 2006m0715 20060715
10630 10630 10633 2006m0715 20060715
10631 10631 10633 2006m0715 20060715
10632 10632 10633 2006m0715 20060715
10633 10633 10633 2006m0715 20060715
10634 10634 10633 2006m0716 20060715
10635 10635 10633 2006m0716 20060715
10636 10636 10633 2006m0716 20060715
10637 10637 10633 2006m0716 20060715
10638 10638 10633 2006m0716 20060715
10639 10639 10633 2006m0716 20060715
10640 10640 10633 2006m0716 20060715
10641 10641 10648 2006m0716 20060715
10642 10642 10648 2006m0716 20060716
10643 10643 10648 2006m0716 20060716
10644 10644 10648 2006m0716 20060716
10645 10645 10648 2006m0716 20060716
10646 10646 10648 2006m0716 20060716
10647 10647 10648 2006m0716 20060716
10648 10648 10648 2006m0716 20060716
10649 10649 10648 2006m0717 20060716
10650 10650 10648 2006m0717 20060716
10651 10651 10648 2006m0717 20060716
10652 10652 10648 2006m0717 20060716
10653 10653 10648 2006m0717 20060716
10654 10654 10648 2006m0717 20060716
10655 10655 10648 2006m0717 20060716
10656 10656 10663 2006m0717 20060717
10657 10657 10663 2006m0717 20060717
10658 10658 10663 2006m0717 20060717
10659 10659 10663 2006m0717 20060717
10660 10660 10663 2006m0717 20060717
10661 10661 10663 2006m0717 20060717
10662 10662 10663 2006m0717 20060717
10663 10663 10663 2006m0717 20060717
10664 10664 10663 2006m0718 20060717
10665 10665 10663 2006m0718 20060717
10666 10666 10663 2006m0718 20060717
10667 10667 10663 2006m0718 20060717
10668 10668 10663 2006m0718 20060717
10669 10669 10663 2006m0718 20060717
10670 10670 10663 2006m0718 20060717
10671 10671 10678 2006m0718 20060718
10672 10672 10678 2006m0718 20060718
10673 10673 10678 2006m0718 20060718
10674 10674 10678 2006m0718 20060718
10675 10675 10678 2006m0718 20060718
10676 10676 10678 2006m0718 20060718
10677 10677 10678 2006m0718 20060718
10678 10678 10678 2006m0719 20060718
10679 10679 10678 2006m0719 20060718
10680 10680 10678 2006m0719 20060718
10681 10681 10678 2006m0719 20060718
10682 10682 10678 2006m0719 20060718
10683 10683 10678 2006m0719 20060718
10684 10684 10678 2006m0719 20060718
10685 10685 10678 2006m0719 20060719
10686 10686 10693 2006m0719 20060719
10687 10687 10693 2006m0719 20060719
10688 10688 10693 2006m0719 20060719
10689 10689 10693 2006m0719 20060719
10690 10690 10693 2006m0719 20060719
10691 10691 10693 2006m0719 20060719
10692 10692 10693 2006m0719 20060719
10693 10693 10693 2006m0720 20060719
10694 10694 10693 2006m0720 20060719
10695 10695 10696 2006m0720 20060719
10696 10696 10696 2006m0720 20060719
10697 10697 10696 2006m0720 20060719
10698 10698 10696 2006m0720 20060719
10700 10700 10696 2006m0720 20060720
10701 10701 10696 2006m0720 20060720
10702 10702 10696 2006m0720 20060720
10703 10703 10696 2006m0720 20060720
10704 10704 10696 2006m0720 20060720
10705 10705 10696 2006m0720 20060720
10706 10706 10715 2006m0720 20060720
10707 10707 10715 2006m0721 20060720
10708 10708 10715 2006m0721 20060720
10709 10709 10715 2006m0721 20060720
10710 10710 10715 2006m0721 20060720
10711 10711 10715 2006m0721 20060720
10712 10712 10715 2006m0721 20060720
10713 10713 10715 2006m0721 20060720
10714 10714 10715 2006m0721 20060720
10715 10715 10715 2006m0721 20060721
10716 10716 10715 2006m0721 20060721
10717 10717 10715 2006m0721 20060721
10718 10718 10715 2006m0721 20060721
10719 10719 10715 2006m0721 20060721
10720 10720 10715 2006m0721 20060721
10721 10721 10715 2006m0721 20060721
10722 10722 10715 2006m0722 20060721
10723 10723 10730 2006m0722 20060721
10724 10724 10730 2006m0722 20060721
10725 10725 10730 2006m0722 20060721
10726 10726 10730 2006m0722 20060721
10727 10727 10730 2006m0722 20060721
10728 10728 10730 2006m0722 20060721
10729 10729 10730 2006m0722 20060722
10730 10730 10730 2006m0722 20060722
10731 10731 10730 2006m0722 20060722
10732 10732 10730 2006m0722 20060722
10733 10733 10730 2006m0722 20060722
10734 10734 10730 2006m0722 20060722
10735 10735 10730 2006m0722 20060722
10736 10736 10730 2006m0723 20060722
10737 10737 10730 2006m0723 20060722
10738 10738 10745 2006m0723 20060722
10739 10739 10745 2006m0723 20060722
10740 10740 10745 2006m0723 20060722
10741 10741 10745 2006m0723 20060722
10742 10742 10745 2006m0723 20060722
10743 10743 10745 2006m0723 20060722
10744 10744 10745 2006m0723 20060723
10745 10745 10745 2006m0723 20060723
10746 10746 10745 2006m0723 20060723
10747 10747 10745 2006m0723 20060723
10748 10748 10745 2006m0723 20060723
10749 10749 10745 2006m0723 20060723
10750 10750 10745 2006m0723 20060723
10751 10751 10745 2006m0724 20060723
10752 10752 10745 2006m0724 20060723
10753 10753 10760 2006m0724 20060723
10754 10754 10760 2006m0724 20060723
10755 10755 10760 2006m0724 20060723
10756 10756 10760 2006m0724 20060723
10757 10757 10760 2006m0724 20060723
10758 10758 10760 2006m0724 20060724
10759 10759 10760 2006m0724 20060724
10760 10760 10760 2006m0724 20060724
10761 10761 10760 2006m0724 20060724
10762 10762 10760 2006m0724 20060724
10763 10763 10760 2006m0724 20060724
10764 10764 10760 2006m0724 20060724
10765 10765 10760 2006m0725 20060724
10766 10766 10760 2006m0725 20060724
10767 10767 10760 2006m0725 20060724
10768 10768 10775 2006m0725 20060724
10769 10769 10775 2006m0725 20060724
10770 10770 10775 2006m0725 20060724
10771 10771 10775 2006m0725 20060724
10772 10772 10775 2006m0725 20060724
10773 10773 10775 2006m0725 20060725
10774 10774 10775 2006m0725 20060725
10775 10775 10775 2006m0725 20060725
10776 10776 10775 2006m0725 20060725
10777 10777 10775 2006m0725 20060725
10778 10778 10775 2006m0725 20060725
10779 10779 10775 2006m0725 20060725
10780 10780 10775 2006m0726 20060725
10781 10781 10775 2006m0726 20060725
10782 10782 10775 2006m0726 20060725
10783 10783 10790 2006m0726 20060725
10784 10784 10790 2006m0726 20060725
10785 10785 10790 2006m0726 20060725
10786 10786 10790 2006m0726 20060725
10787 10787 10790 2006m0726 20060726
10788 10788 10790 2006m0726 20060726
10789 10789 10790 2006m0726 20060726
10790 10790 10790 2006m0726 20060726
10791 10791 10790 2006m0726 20060726
10792 10792 10790 2006m0726 20060726
10793 10793 10790 2006m0726 20060726
10794 10794 10790 2006m0726 20060726
10795 10795 10790 2006m0727 20060726
10796 10796 10790 2006m0727 20060726
10797 10797 10790 2006m0727 20060726
10798 10798 10805 2006m0727 20060726
10799 10799 10805 2006m0727 20060726
10800 10800 10805 2006m0727 20060726
10801 10801 10805 2006m0727 20060726
10802 10802 10805 2006m0727 20060727
10803 10803 10805 2006m0727 20060727
10804 10804 10805 2006m0727 20060727
10805 10805 10805 2006m0727 20060727
10806 10806 10805 2006m0727 20060727
10807 10807 10805 2006m0727 20060727
10808 10808 10805 2006m0727 20060727
10809 10809 10805 2006m0728 20060727
10810 10810 10805 2006m0728 20060727
10811 10811 10805 2006m0728 20060727
10812 10812 10805 2006m0728 20060727
10813 10813 10820 2006m0728 20060727
10814 10814 10820 2006m0728 20060727
10815 10815 10820 2006m0728 20060727
10816 10816 10820 2006m0728 20060728
10817 10817 10820 2006m0728 20060728
10818 10818 10820 2006m0728 20060728
10819 10819 10820 2006m0728 20060728
10820 10820 10820 2006m0728 20060728
10821 10821 10820 2006m0728 20060728
10822 10822 10820 2006m0728 20060728
10823 10823 10820 2006m0728 20060728
10824 10824 10820 2006m0729 20060728
10825 10825 10820 2006m0729 20060728
10826 10826 10820 2006m0729 20060728
10827 10827 10820 2006m0729 20060728
10828 10828 10836 2006m0729 20060728
10829 10829 10836 2006m0729 20060728
10830 10830 10836 2006m0729 20060728
10831 10831 10836 2006m0729 20060729
10832 10832 10836 2006m0729 20060729
10833 10833 10836 2006m0729 20060729
10834 10834 10836 2006m0729 20060729
10835 10835 10836 2006m0729 20060729
10836 10836 10836 2006m0729 20060729
10837 10837 10836 2006m0729 20060729
10838 10838 10836 2006m0730 20060729
10839 10839 10836 2006m0730 20060729
10840 10840 10836 2006m0730 20060729
10841 10841 10836 2006m0730 20060729
10842 10842 10836 2006m0730 20060729
10843 10843 10836 2006m0730 20060729
10844 10844 10836 2006m0730 20060729
10845 10845 10853 2006m0730 20060729
10846 10846 10853 2006m0730 20060730
10847 10847 10853 2006m0730 20060730
10848 10848 10853 2006m0730 20060730
10849 10849 10853 2006m0730 20060730
10850 10850 10853 2006m0730 20060730
10851 10851 10853 2006m0730 20060730
10852 10852 10853 2006m0730 20060730
10853 10853 10853 2006m0731 20060730
10854 10854 10853 2006m0731 20060730
10855 10855 10853 2006m0731 20060730
10856 10856 10853 2006m0731 20060730
10857 10857 10853 2006m0731 20060730
10858 10858 10853 2006m0731 20060730
10859 10859 10853 2006m0731 20060730
